01906
02026
02062
02072
02108
02109
02110
02111
02113
02114
02115
02116
02118
02119
02122
02124
02125
02127
02128
02129
02130
02131
02132
02134
02135
02136
02138
02139
02140
02143
02144
02145
02148
02149
02150
02151
02152
02155
02169
02171
02184
02186
02199
02210
02215
02343
02368
02445
02446
02451
02452
02453
02458
02459
02465
02467
02472
02474
02476
02478
02482
02492
06807
06810
06811
06830
06840
06870
06877
06901
06902
06905
06906
06907
07002
07003
07004
07006
07008
07009
07010
07011
07012
07014
07020
07022
07024
07026
07030
07031
07034
07035
07036
07039
07040
07042
07044
07047
07050
07052
07054
07055
07058
07070
07071
07072
07073
07074
07075
07078
07079
07081
07082
07083
07086
07093
07094
07102
07103
07104
07105
07109
07110
07114
07132
07201
07202
07206
07302
07304
07305
07306
07307
07310
07311
07407
07410
07424
07470
07503
07506
07508
07512
07514
07601
07604
07605
07606
07607
07621
07624
07631
07632
07643
07650
07652
07657
07660
07662
07663
07666
07901
07932
07936
10001
10002
10003
10004
10006
10007
10009
10010
10011
10012
10013
10014
10016
10017
10018
10019
10020
10021
10022
10023
10024
10025
10026
10027
10028
10029
10030
10031
10032
10033
10034
10036
10038
10040
10065
10075
10080
10104
10106
10118
10128
10169
10176
10271
10280
10281
10282
10301
10302
10304
10305
10306
10308
10310
10312
10314
10451
10452
10454
10458
10461
10462
10463
10464
10465
10466
10467
10468
10469
10470
10472
10474
10475
10504
10506
10510
10514
10523
10536
10541
10560
10570
10577
10598
10601
10606
10607
10701
10704
10707
10708
10710
10801
10803
11001
11003
11010
11040
11101
11102
11103
11104
11105
11106
11109
11121
11201
11203
11204
11205
11206
11208
11209
11211
11213
11214
11215
11216
11217
11218
11219
11220
11221
11222
11223
11224
11225
11226
11228
11229
11230
11231
11232
11233
11234
11235
11236
11237
11238
11239
11249
11355
11361
11362
11363
11364
11365
11366
11368
11369
11371
11372
11373
11374
11375
11377
11378
11385
11414
11415
11417
11418
11419
11420
11422
11426
11427
11434
11435
11464
11501
11516
11518
11520
11530
11552
11558
11561
11563
11569
11570
11572
11581
11596
11694
11697
11954
12401
12477
12571
12572
13501
13502
14031
14051
14068
14094
14120
14150
14215
14216
14217
14221
14225
14226
14228
14304
15017
15044
15051
15090
15106
15120
15131
15146
15201
15202
15203
15205
15206
15208
15210
15211
15213
15215
15216
15219
15222
15224
15228
15232
15233
15234
15236
15237
15238
20001
20002
20003
20004
20005
20006
20007
20008
20009
20010
20011
20016
20017
20024
20036
20037
20050
20268
20781
20810
20814
20815
20902
20910
22101
22201
22202
22203
22204
22205
22207
22209
22213
22305
30013
30014
30038
33139
38016
38017
38117
38119
38122
38125
38133
38134
38137
38138
38654
63026
63044
63074
63101
63102
63103
63104
63105
63108
63109
63110
63114
63116
63119
63121
63122
63124
63125
63126
63127
63128
63129
63130
63132
63135
63139
63141
63143
63144
63145
77002
77003
77004
77005
77006
77007
77008
77009
77010
77014
77015
77016
77017
77019
77021
77024
77025
77027
77028
77030
77031
77032
77034
77036
77040
77041
77042
77043
77046
77055
77056
77057
77058
77060
77061
77063
77064
77065
77066
77069
77070
77071
77072
77073
77074
77076
77077
77079
77080
77081
77082
77083
77084
77087
77089
77090
77095
77096
77098
77099
77297
77338
77339
77346
77354
77365
77373
77375
77379
77380
77381
77382
77384
77385
77386
77388
77396
77407
77429
77433
77447
77449
77450
77459
77469
77477
77478
77479
77494
77498
77503
77505
77521
77536
77546
77565
77571
77573
77581
77584
77586
77590
77598
90004
90005
90006
90007
90008
90010
90012
90013
90014
90015
90016
90017
90018
90019
90020
90021
90022
90023
90024
90025
90026
90027
90028
90029
90031
90032
90033
90034
90035
90036
90038
90039
90040
90041
90042
90043
90045
90046
90048
90049
90063
90064
90066
90067
90068
90069
90071
90077
90094
90189
90201
90210
90211
90212
90220
90230
90232
90240
90241
90242
90245
90247
90248
90249
90250
90254
90255
90260
90265
90266
90270
90272
90274
90275
90277
90278
90280
90290
90291
90292
90293
90302
90303
90304
90401
90402
90403
90404
90405
90501
90503
90504
90505
90640
90660
90680
90706
90712
90717
90723
90731
90732
90740
90744
90745
90746
90755
90802
90803
90804
90805
90806
90807
90808
90810
90813
90814
90815
90899
91001
91011
91020
91030
91040
91042
91101
91103
91104
91105
91106
91107
91108
91201
91202
91203
91204
91205
91206
91208
91210
91214
91301
91302
91303
91304
91306
91307
91311
91316
91321
91324
91325
91326
91335
91337
91340
91342
91343
91344
91345
91350
91351
91352
91355
91356
91357
91362
91364
91367
91381
91387
91399
91401
91402
91403
91405
91406
91411
91423
91436
91501
91502
91504
91505
91506
91601
91602
91604
91605
91606
91607
91608
91754
91755
91770
91776
91801
91803
92501
92603
92604
92606
92612
92614
92618
92625
92626
92627
92657
92660
92661
92662
92663
92668
92683
92701
92703
92704
92705
92706
92707
92780
92782
92801
92802
92804
92805
92806
92807
92831
92832
92833
92840
92841
92843
92844
92865
92866
92867
92868
92869
92870
93063
93065
94005
94014
94015
94044
94066
94080
94102
94103
94104
94105
94107
94108
94109
94110
94111
94112
94114
94115
94116
94117
94118
94121
94122
94123
94124
94127
94131
94132
94133
94158
94965
98001
98002
98003
98004
98005
98006
98027
98030
98031
98032
98033
98038
98040
98042
98056
98057
98058
98059
98063
98070
98101
98102
98103
98104
98105
98107
98108
98109
98110
98112
98115
98116
98117
98118
98121
98122
98126
98134
98136
98144
98158
98166
98168
98178
98188
98198
98199
98332
98335
98338
98372
98373
98374
98387
98390
98402
98403
98404
98405
98406
98407
98408
98409
98422
98438
98444
98466
98498
98499
98513
98569
98571
98941