90004
90005
90006
90007
90008
90010
90012
90013
90014
90015
90016
90017
90018
90019
90020
90021
90022
90023
90024
90025
90026
90027
90028
90029
90031
90032
90033
90034
90035
90036
90038
90039
90040
90041
90042
90043
90045
90046
90048
90049
90063
90064
90066
90067
90068
90069
90071
90077
90094
90189
90201
90210
90211
90212
90220
90230
90232
90240
90241
90242
90245
90247
90248
90249
90250
90254
90255
90260
90265
90266
90270
90272
90274
90275
90277
90278
90280
90290
90291
90292
90293
90302
90303
90304
90401
90402
90403
90404
90405
90501
90503
90504
90505
90640
90660
90680
90706
90712
90717
90723
90731
90732
90740
90744
90745
90746
90755
90802
90803
90804
90805
90806
90807
90808
90810
90813
90814
90815
90899
91001
91011
91020
91030
91040
91042
91101
91103
91104
91105
91106
91107
91108
91201
91202
91203
91204
91205
91206
91208
91210
91214
91301
91302
91303
91304
91306
91307
91311
91316
91321
91324
91325
91326
91335
91337
91340
91342
91343
91344
91345
91350
91351
91352
91355
91356
91357
91362
91364
91367
91381
91387
91399
91401
91402
91403
91405
91406
91411
91423
91436
91501
91502
91504
91505
91506
91601
91602
91604
91605
91606
91607
91608
91754
91755
91770
91776
91801
91803
92501
92603
92604
92606
92612
92614
92618
92625
92626
92627
92657
92660
92661
92662
92663
92668
92683
92701
92703
92704
92705
92706
92707
92780
92782
92801
92802
92804
92805
92806
92807
92831
92832
92833
92840
92841
92843
92844
92865
92866
92867
92868
92869
92870
93063
93065
94005
94014
94015
94044
94066
94080
94102
94103
94104
94105
94107
94108
94109
94110
94111
94112
94114
94115
94116
94117
94118
94121
94122
94123
94124
94127
94131
94132
94133
94158
94965
98001
98002
98003
98004
98005
98006
98027
98030
98031
98032
98033
98038
98040
98042
98056
98057
98058
98059
98063
98070
98101
98102
98103
98104
98105
98107
98108
98109
98110
98112
98115
98116
98117
98118
98121
98122
98126
98134
98136
98144
98158
98166
98168
98178
98188
98198
98199
98332
98335
98338
98372
98373
98374
98387
98390
98402
98403
98404
98405
98406
98407
98408
98409
98422
98438
98444
98466
98498
98499
98513
98569
98571
98941