10001
10002
10003
10004
10006
10007
10009
10010
10011
10012
10013
10014
10016
10017
10018
10019
10020
10021
10022
10023
10024
10025
10026
10027
10028
10029
10030
10031
10032
10033
10034
10036
10038
10040
10065
10075
10080
10104
10106
10118
10128
10169
10176
10271
10280
10281
10282
10301
10302
10304
10305
10306
10308
10310
10312
10314
10451
10452
10454
10458
10461
10462
10463
10464
10465
10466
10467
10468
10469
10470
10472
10474
10475
10504
10506
10510
10514
10523
10536
10541
10560
10570
10577
10598
10601
10606
10607
10701
10704
10707
10708
10710
10801
10803
11001
11003
11010
11040
11101
11102
11103
11104
11105
11106
11109
11121
11201
11203
11204
11205
11206
11208
11209
11211
11213
11214
11215
11216
11217
11218
11219
11220
11221
11222
11223
11224
11225
11226
11228
11229
11230
11231
11232
11233
11234
11235
11236
11237
11238
11239
11249
11355
11361
11362
11363
11364
11365
11366
11368
11369
11371
11372
11373
11374
11375
11377
11378
11385
11414
11415
11417
11418
11419
11420
11422
11426
11427
11434
11435
11464
11501
11516
11518
11520
11530
11552
11558
11561
11563
11569
11570
11572
11581
11596
11694
11697
11954
12401
12477
12571
12572
13501
13502
14031
14051
14068
14094
14120
14150
14215
14216
14217
14221
14225
14226
14228
14304
15017
15044
15051
15090
15106
15120
15131
15146
15201
15202
15203
15205
15206
15208
15210
15211
15213
15215
15216
15219
15222
15224
15228
15232
15233
15234
15236
15237
15238