30013
30014
30038
33139
38016
38017
38117
38119
38122
38125
38133
38134
38137
38138
38654
63026
63044
63074
63101
63102
63103
63104
63105
63108
63109
63110
63114
63116
63119
63121
63122
63124
63125
63126
63127
63128
63129
63130
63132
63135
63139
63141
63143
63144
63145
77002
77003
77004
77005
77006
77007
77008
77009
77010
77014
77015
77016
77017
77019
77021
77024
77025
77027
77028
77030
77031
77032
77034
77036
77040
77041
77042
77043
77046
77055
77056
77057
77058
77060
77061
77063
77064
77065
77066
77069
77070
77071
77072
77073
77074
77076
77077
77079
77080
77081
77082
77083
77084
77087
77089
77090
77095
77096
77098
77099
77297
77338
77339
77346
77354
77365
77373
77375
77379
77380
77381
77382
77384
77385
77386
77388
77396
77407
77429
77433
77447
77449
77450
77459
77469
77477
77478
77479
77494
77498
77503
77505
77521
77536
77546
77565
77571
77573
77581
77584
77586
77590
77598