01906
02026
02062
02072
02108
02109
02110
02111
02113
02114
02115
02116
02118
02119
02122
02124
02125
02127
02128
02129
02130
02131
02132
02134
02135
02136
02138
02139
02140
02143
02144
02145
02148
02149
02150
02151
02152
02155
02169
02171
02184
02186
02199
02210
02215
02343
02368
02445
02446
02451
02452
02453
02458
02459
02465
02467
02472
02474
02476
02478
02482
02492
06807
06810
06811
06830
06840
06870
06877
06901
06902
06905
06906
06907
07002
07003
07004
07006
07008
07009
07010
07011
07012
07014
07020
07022
07024
07026
07030
07031
07034
07035
07036
07039
07040
07042
07044
07047
07050
07052
07054
07055
07058
07070
07071
07072
07073
07074
07075
07078
07079
07081
07082
07083
07086
07093
07094
07102
07103
07104
07105
07109
07110
07114
07132
07201
07202
07206
07302
07304
07305
07306
07307
07310
07311
07407
07410
07424
07470
07503
07506
07508
07512
07514
07601
07604
07605
07606
07607
07621
07624
07631
07632
07643
07650
07652
07657
07660
07662
07663
07666
07901
07932
07936